样例1：
n=5；%物品个数
Capacity=10；%背包容量
Weight=[2,2,6,5,4];%各物品重量
Value=[6,3,5,4,6];%各物品价值
result=[1,1,0,0,1];%最优解
装入背包价值15
动态规划运行时间0.000010秒，分治法运行时间0.002142秒

样例2：
n=10;
Capacity=300;
Weight=[95,75,23,73,50,22,6,57,89,98];
Value=[89,59,19,43,100,72,44,16,7,64];
装入背包价值388
动态规划运行时间0.000093秒，分治法运行时间0.006979秒

样例3：
n=20;
Capacity=200;
Weight=[71,34,82,23,1,88,12,57,10,68,5,33,37,69,98,24,26,83,16,26];
Value=[26,59,30,19,66,85,94,8,3,44,5,1,41,82,76,1,12,81,73,32];
result=[0,1,0,0,1,0,1,0,0,0,1,0,1,1,0,0,0,0,1,1]
装入背包价值452
动态规划运行时间0.000124秒，分治法运行时间0.192154秒


样例4：
n=50;
Capacity=300;
Weight=[71,34,82,23,1,88,12,57,10,68,5,33,37,69,98,24,26,83,16,26,18,43,52,71,22,65,68,8,40,40,24,72,16,34,10,19,28,13,34,98,29,31,79,33,60,74,44,56,54,17];
Value=[26,59,30,19,66,85,94,8,3,44,5,1,41,82,76,1,12,81,73,32,74,54,62,41,19,10,65,53,56,53,70,66,58,22,72,33,96,88,68,45,44,61,78,78,6,66,11,59,83,48];
result=[0,1,0,0,1,0,1,0,0,0,1,0,0,0,0,0,0,0,1,0,1,0,0,0,0,0,0,1,0,0,1,0,1,0,1,0,1,1,1,0,0,1,0,1,0,0,0,0,0,1];
装入背包价值1063
动态规划运行时间0.000480秒

